radix      1       1       1        4444           1         4                 4444           1         1       1        1         1        1           1            1        1
vname      CEbPAD  CLKPAD  EMMIPAD  GAPAD[[15:0]]  GALATPAD  GRPSELPAD[[3:0]]  IOPAD[[15:0]]  IOLATPAD  OEbPAD  PORbPAD  PROG2PAD  RDENPAD  STROBE0PAD  STROBE1bPAD  TMENPAD  WEbPAD
io         i       i       i        iiii           i         i                 iiii           i         i       i        i         i        i           i            i        i
VIH pvdd
VIL 0
VOH pvdd*0.8
VOL pvdd*0.2
tunit ns
SLOPE 0.1
0.00       1       0       0        0030           0         3                 0000           0         1       1        0         0        0           1            0        1
50.00      1       0       0        0030           1         3                 0000           0         1       1        0         0        0           1            0        1
100.00     1       0       0        0030           0         3                 0000           0         1       1        0         0        0           1            0        1
150.00     1       0       0        0030           0         3                 0000           0         1       0        0         0        0           1            0        1
650.00     1       0       0        0032           0         3                 0000           0         1       1        0         0        0           1            0        1
700.00     1       0       0        0032           1         3                 0000           0         1       1        0         0        1           1            0        1
750.00     1       0       0        0032           0         3                 0000           0         1       1        0         0        1           1            0        1
8800.00    0       0       0        0000           0         0                 0000           0         1       1        0         0        1           1            0        0
8850.00    0       0       0        0000           1         0                 0000           0         1       1        0         0        1           1            0        0
8900.00    0       0       0        0000           0         0                 0000           0         1       1        0         0        1           1            0        0
8950.00    0       0       0        0000           0         0                 ffff           0         1       1        0         0        1           1            0        0
9000.00    0       0       0        0000           0         0                 ffff           1         1       1        0         0        1           1            0        0
9050.00    0       0       0        0000           0         0                 ffff           0         1       1        0         0        1           1            0        0
9100.00    0       0       0        0000           0         1                 0000           0         1       1        0         0        1           1            0        0
9150.00    0       0       0        0000           0         1                 0000           1         1       1        0         0        1           1            0        0
9200.00    0       0       0        0000           0         1                 0000           0         1       1        0         0        1           1            0        0
9250.00    0       0       0        0000           0         2                 0000           0         1       1        0         0        1           1            0        0
9300.00    0       0       0        0000           0         2                 0000           1         1       1        0         0        1           1            0        0
9350.00    0       0       0        0000           0         2                 0000           0         1       1        0         0        1           1            0        0
9400.00    0       0       0        0000           0         3                 0000           0         1       1        0         0        1           1            0        0
9450.00    0       0       0        0000           0         3                 0000           1         1       1        0         0        1           1            0        0
9500.00    0       0       0        0000           0         3                 0000           0         1       1        0         0        1           1            0        0
9550.00    0       0       0        0000           0         4                 0000           0         1       1        0         0        1           1            0        0
9600.00    0       0       0        0000           0         4                 0000           1         1       1        0         0        1           1            0        0
9650.00    0       0       0        0000           0         4                 0000           0         1       1        0         0        1           1            0        0
9720.00    0       0       0        0800           0         2                 0000           0         1       1        0         0        1           1            0        0
9770.00    0       0       0        0800           1         2                 0000           0         1       1        0         0        1           1            0        0
9820.00    0       0       0        0800           0         2                 0000           0         1       1        0         0        1           1            0        0
9890.00    0       0       0        0000           0         2                 0000           0         1       1        0         0        1           1            0        0
9940.00    0       0       0        0000           1         2                 0000           0         1       1        0         0        1           1            0        0
9990.00    0       0       0        0000           0         2                 0000           0         1       1        0         0        1           1            0        0
10060.00   0       0       0        0001           0         0                 0000           0         1       1        0         0        1           1            0        0
10110.00   0       0       0        0001           1         0                 0000           0         1       1        0         0        1           1            0        0
10160.00   0       0       0        0001           0         0                 0000           0         1       1        0         0        1           1            0        0
10210.00   0       0       0        0001           0         0                 ffff           0         1       1        0         0        1           1            0        0
10260.00   0       0       0        0001           0         0                 ffff           1         1       1        0         0        1           1            0        0
10310.00   0       0       0        0001           0         0                 ffff           0         1       1        0         0        1           1            0        0
10360.00   0       0       0        0001           0         1                 0000           0         1       1        0         0        1           1            0        0
10410.00   0       0       0        0001           0         1                 0000           1         1       1        0         0        1           1            0        0
10460.00   0       0       0        0001           0         1                 0000           0         1       1        0         0        1           1            0        0
10510.00   0       0       0        0001           0         2                 0000           0         1       1        0         0        1           1            0        0
10560.00   0       0       0        0001           0         2                 0000           1         1       1        0         0        1           1            0        0
10610.00   0       0       0        0001           0         2                 0000           0         1       1        0         0        1           1            0        0
10660.00   0       0       0        0001           0         3                 0000           0         1       1        0         0        1           1            0        0
10710.00   0       0       0        0001           0         3                 0000           1         1       1        0         0        1           1            0        0
10760.00   0       0       0        0001           0         3                 0000           0         1       1        0         0        1           1            0        0
10810.00   0       0       0        0001           0         4                 0000           0         1       1        0         0        1           1            0        0
10860.00   0       0       0        0001           0         4                 0000           1         1       1        0         0        1           1            0        0
10910.00   0       0       0        0001           0         4                 0000           0         1       1        0         0        1           1            0        0
10980.00   0       0       0        0800           0         2                 0000           0         1       1        0         0        1           1            0        0
11030.00   0       0       0        0800           1         2                 0000           0         1       1        0         0        1           1            0        0
11080.00   0       0       0        0800           0         2                 0000           0         1       1        0         0        1           1            0        0
11150.00   0       0       0        0000           0         2                 0000           0         1       1        0         0        1           1            0        0
11200.00   0       0       0        0000           1         2                 0000           0         1       1        0         0        1           1            0        0
11250.00   0       0       0        0000           0         2                 0000           0         1       1        0         0        1           1            0        0
11320.00   0       0       0        0002           0         0                 0000           0         1       1        0         0        1           1            0        0
11370.00   0       0       0        0002           1         0                 0000           0         1       1        0         0        1           1            0        0
11420.00   0       0       0        0002           0         0                 0000           0         1       1        0         0        1           1            0        0
11470.00   0       0       0        0002           0         0                 ffff           0         1       1        0         0        1           1            0        0
11520.00   0       0       0        0002           0         0                 ffff           1         1       1        0         0        1           1            0        0
11570.00   0       0       0        0002           0         0                 ffff           0         1       1        0         0        1           1            0        0
11620.00   0       0       0        0002           0         1                 0000           0         1       1        0         0        1           1            0        0
11670.00   0       0       0        0002           0         1                 0000           1         1       1        0         0        1           1            0        0
11720.00   0       0       0        0002           0         1                 0000           0         1       1        0         0        1           1            0        0
11770.00   0       0       0        0002           0         2                 0000           0         1       1        0         0        1           1            0        0
11820.00   0       0       0        0002           0         2                 0000           1         1       1        0         0        1           1            0        0
11870.00   0       0       0        0002           0         2                 0000           0         1       1        0         0        1           1            0        0
11920.00   0       0       0        0002           0         3                 0000           0         1       1        0         0        1           1            0        0
11970.00   0       0       0        0002           0         3                 0000           1         1       1        0         0        1           1            0        0
12020.00   0       0       0        0002           0         3                 0000           0         1       1        0         0        1           1            0        0
12070.00   0       0       0        0002           0         4                 0000           0         1       1        0         0        1           1            0        0
12120.00   0       0       0        0002           0         4                 0000           1         1       1        0         0        1           1            0        0
12170.00   0       0       0        0002           0         4                 0000           0         1       1        0         0        1           1            0        0
12240.00   0       0       0        0800           0         2                 0000           0         1       1        0         0        1           1            0        0
12290.00   0       0       0        0800           1         2                 0000           0         1       1        0         0        1           1            0        0
12340.00   0       0       0        0800           0         2                 0000           0         1       1        0         0        1           1            0        0
12410.00   0       0       0        0000           0         2                 0000           0         1       1        0         0        1           1            0        0
12460.00   0       0       0        0000           1         2                 0000           0         1       1        0         0        1           1            0        0
12510.00   0       0       0        0000           0         2                 0000           0         1       1        0         0        1           1            0        0
12580.00   0       0       0        0003           0         0                 0000           0         1       1        0         0        1           1            0        0
12630.00   0       0       0        0003           1         0                 0000           0         1       1        0         0        1           1            0        0
12680.00   0       0       0        0003           0         0                 0000           0         1       1        0         0        1           1            0        0
12730.00   0       0       0        0003           0         0                 ffff           0         1       1        0         0        1           1            0        0
12780.00   0       0       0        0003           0         0                 ffff           1         1       1        0         0        1           1            0        0
12830.00   0       0       0        0003           0         0                 ffff           0         1       1        0         0        1           1            0        0
12880.00   0       0       0        0003           0         1                 0000           0         1       1        0         0        1           1            0        0
12930.00   0       0       0        0003           0         1                 0000           1         1       1        0         0        1           1            0        0
12980.00   0       0       0        0003           0         1                 0000           0         1       1        0         0        1           1            0        0
13030.00   0       0       0        0003           0         2                 0000           0         1       1        0         0        1           1            0        0
13080.00   0       0       0        0003           0         2                 0000           1         1       1        0         0        1           1            0        0
13130.00   0       0       0        0003           0         2                 0000           0         1       1        0         0        1           1            0        0
13180.00   0       0       0        0003           0         3                 0000           0         1       1        0         0        1           1            0        0
13230.00   0       0       0        0003           0         3                 0000           1         1       1        0         0        1           1            0        0
13280.00   0       0       0        0003           0         3                 0000           0         1       1        0         0        1           1            0        0
13330.00   0       0       0        0003           0         4                 0000           0         1       1        0         0        1           1            0        0
13380.00   0       0       0        0003           0         4                 0000           1         1       1        0         0        1           1            0        0
13430.00   0       0       0        0003           0         4                 0000           0         1       1        0         0        1           1            0        0
13500.00   0       0       0        0800           0         2                 0000           0         1       1        0         0        1           1            0        0
13550.00   0       0       0        0800           1         2                 0000           0         1       1        0         0        1           1            0        0
13600.00   0       0       0        0800           0         2                 0000           0         1       1        0         0        1           1            0        0
13670.00   0       0       0        0000           0         2                 0000           0         1       1        0         0        1           1            0        0
13720.00   0       0       0        0000           1         2                 0000           0         1       1        0         0        1           1            0        0
13770.00   0       0       0        0000           0         2                 0000           0         1       1        0         0        1           1            0        0
13840.00   0       0       0        0004           0         0                 0000           0         1       1        0         0        1           1            0        0
13890.00   0       0       0        0004           1         0                 0000           0         1       1        0         0        1           1            0        0
13940.00   0       0       0        0004           0         0                 0000           0         1       1        0         0        1           1            0        0
13990.00   0       0       0        0004           0         0                 ffff           0         1       1        0         0        1           1            0        0
14040.00   0       0       0        0004           0         0                 ffff           1         1       1        0         0        1           1            0        0
14090.00   0       0       0        0004           0         0                 ffff           0         1       1        0         0        1           1            0        0
14140.00   0       0       0        0004           0         1                 0000           0         1       1        0         0        1           1            0        0
14190.00   0       0       0        0004           0         1                 0000           1         1       1        0         0        1           1            0        0
14240.00   0       0       0        0004           0         1                 0000           0         1       1        0         0        1           1            0        0
14290.00   0       0       0        0004           0         2                 0000           0         1       1        0         0        1           1            0        0
14340.00   0       0       0        0004           0         2                 0000           1         1       1        0         0        1           1            0        0
14390.00   0       0       0        0004           0         2                 0000           0         1       1        0         0        1           1            0        0
14440.00   0       0       0        0004           0         3                 0000           0         1       1        0         0        1           1            0        0
14490.00   0       0       0        0004           0         3                 0000           1         1       1        0         0        1           1            0        0
14540.00   0       0       0        0004           0         3                 0000           0         1       1        0         0        1           1            0        0
14590.00   0       0       0        0004           0         4                 0000           0         1       1        0         0        1           1            0        0
14640.00   0       0       0        0004           0         4                 0000           1         1       1        0         0        1           1            0        0
14690.00   0       0       0        0004           0         4                 0000           0         1       1        0         0        1           1            0        0
14760.00   0       0       0        0800           0         2                 0000           0         1       1        0         0        1           1            0        0
14810.00   0       0       0        0800           1         2                 0000           0         1       1        0         0        1           1            0        0
14860.00   0       0       0        0800           0         2                 0000           0         1       1        0         0        1           1            0        0
14930.00   0       0       0        0000           0         2                 0000           0         1       1        0         0        1           1            0        0
14980.00   0       0       0        0000           1         2                 0000           0         1       1        0         0        1           1            0        0
15030.00   0       0       0        0000           0         2                 0000           0         1       1        0         0        1           1            0        0
15100.00   0       0       0        0005           0         0                 0000           0         1       1        0         0        1           1            0        0
15150.00   0       0       0        0005           1         0                 0000           0         1       1        0         0        1           1            0        0
15200.00   0       0       0        0005           0         0                 0000           0         1       1        0         0        1           1            0        0
15250.00   0       0       0        0005           0         0                 ffff           0         1       1        0         0        1           1            0        0
15300.00   0       0       0        0005           0         0                 ffff           1         1       1        0         0        1           1            0        0
15350.00   0       0       0        0005           0         0                 ffff           0         1       1        0         0        1           1            0        0
15400.00   0       0       0        0005           0         1                 0000           0         1       1        0         0        1           1            0        0
15450.00   0       0       0        0005           0         1                 0000           1         1       1        0         0        1           1            0        0
15500.00   0       0       0        0005           0         1                 0000           0         1       1        0         0        1           1            0        0
15550.00   0       0       0        0005           0         2                 0000           0         1       1        0         0        1           1            0        0
15600.00   0       0       0        0005           0         2                 0000           1         1       1        0         0        1           1            0        0
15650.00   0       0       0        0005           0         2                 0000           0         1       1        0         0        1           1            0        0
15700.00   0       0       0        0005           0         3                 0000           0         1       1        0         0        1           1            0        0
15750.00   0       0       0        0005           0         3                 0000           1         1       1        0         0        1           1            0        0
15800.00   0       0       0        0005           0         3                 0000           0         1       1        0         0        1           1            0        0
15850.00   0       0       0        0005           0         4                 0000           0         1       1        0         0        1           1            0        0
15900.00   0       0       0        0005           0         4                 0000           1         1       1        0         0        1           1            0        0
15950.00   0       0       0        0005           0         4                 0000           0         1       1        0         0        1           1            0        0
16020.00   0       0       0        0800           0         2                 0000           0         1       1        0         0        1           1            0        0
16070.00   0       0       0        0800           1         2                 0000           0         1       1        0         0        1           1            0        0
16120.00   0       0       0        0800           0         2                 0000           0         1       1        0         0        1           1            0        0
16190.00   0       0       0        0000           0         2                 0000           0         1       1        0         0        1           1            0        0
16240.00   0       0       0        0000           1         2                 0000           0         1       1        0         0        1           1            0        0
16290.00   0       0       0        0000           0         2                 0000           0         1       1        0         0        1           1            0        0
16360.00   0       0       0        0006           0         0                 0000           0         1       1        0         0        1           1            0        0
16410.00   0       0       0        0006           1         0                 0000           0         1       1        0         0        1           1            0        0
16460.00   0       0       0        0006           0         0                 0000           0         1       1        0         0        1           1            0        0
16510.00   0       0       0        0006           0         0                 ffff           0         1       1        0         0        1           1            0        0
16560.00   0       0       0        0006           0         0                 ffff           1         1       1        0         0        1           1            0        0
16610.00   0       0       0        0006           0         0                 ffff           0         1       1        0         0        1           1            0        0
16660.00   0       0       0        0006           0         1                 0000           0         1       1        0         0        1           1            0        0
16710.00   0       0       0        0006           0         1                 0000           1         1       1        0         0        1           1            0        0
16760.00   0       0       0        0006           0         1                 0000           0         1       1        0         0        1           1            0        0
16810.00   0       0       0        0006           0         2                 0000           0         1       1        0         0        1           1            0        0
16860.00   0       0       0        0006           0         2                 0000           1         1       1        0         0        1           1            0        0
16910.00   0       0       0        0006           0         2                 0000           0         1       1        0         0        1           1            0        0
16960.00   0       0       0        0006           0         3                 0000           0         1       1        0         0        1           1            0        0
17010.00   0       0       0        0006           0         3                 0000           1         1       1        0         0        1           1            0        0
17060.00   0       0       0        0006           0         3                 0000           0         1       1        0         0        1           1            0        0
17110.00   0       0       0        0006           0         4                 0000           0         1       1        0         0        1           1            0        0
17160.00   0       0       0        0006           0         4                 0000           1         1       1        0         0        1           1            0        0
17210.00   0       0       0        0006           0         4                 0000           0         1       1        0         0        1           1            0        0
17280.00   0       0       0        0800           0         2                 0000           0         1       1        0         0        1           1            0        0
17330.00   0       0       0        0800           1         2                 0000           0         1       1        0         0        1           1            0        0
17380.00   0       0       0        0800           0         2                 0000           0         1       1        0         0        1           1            0        0
17450.00   0       0       0        0000           0         2                 0000           0         1       1        0         0        1           1            0        0
17500.00   0       0       0        0000           1         2                 0000           0         1       1        0         0        1           1            0        0
17550.00   0       0       0        0000           0         2                 0000           0         1       1        0         0        1           1            0        0
17620.00   1       0       0        0000           0         2                 0000           0         1       1        0         0        1           1            0        1
22620.00   1       0       0        0032           0         3                 0000           0         1       1        0         0        1           1            0        1
22670.00   1       0       0        0032           1         3                 0000           0         1       1        0         0        1           1            0        1
22720.00   1       0       0        0032           0         3                 0000           0         1       1        0         0        1           1            0        1
22770.00   0       0       0        0000           0         2                 0000           0         1       1        0         0        1           1            0        1
22820.00   0       0       0        0000           1         2                 0000           0         1       1        0         0        1           1            0        1
22870.00   0       0       0        0000           0         2                 0000           0         1       1        0         0        1           1            0        1
22925.00   0       0       0        0001           0         2                 0000           0         1       1        0         0        1           1            0        1
22975.00   0       0       0        0001           1         2                 0000           0         1       1        0         0        1           1            0        1
23025.00   0       0       0        0001           0         2                 0000           0         1       1        0         0        1           1            0        1
23075.00   0       0       0        0000           0         0                 0000           0         1       1        0         0        1           1            0        1
23125.00   0       0       0        0000           1         0                 0000           0         1       1        0         0        1           1            0        1
23175.00   0       0       0        0000           0         0                 0000           0         1       1        0         0        1           1            0        1
23225.00   0       0       0        0000           0         1                 0000           0         1       1        0         0        1           1            0        1
23275.00   0       0       0        0000           1         1                 0000           0         1       1        0         0        1           1            0        1
23325.00   0       0       0        0000           0         1                 0000           0         1       1        0         0        1           1            0        1
27375.00   0       0       0        0000           0         1                 0000           0         1       1        0         0        1           1            0        0
47360.00   0       0       0        0000           0         0                 0000           0         1       1        0         0        1           1            0        0
47410.00   0       0       0        0000           1         0                 0000           0         1       1        0         0        1           1            0        0
47460.00   0       0       0        0000           0         0                 0000           0         1       1        0         0        1           1            0        0
47510.00   0       0       0        0001           0         2                 0000           0         1       1        0         0        1           1            0        0
47560.00   0       0       0        0001           1         2                 0000           0         1       1        0         0        1           1            0        0
47610.00   0       0       0        0001           0         2                 0000           0         1       1        0         0        1           1            0        0
47660.00   0       0       0        0000           0         0                 0000           0         1       1        0         0        1           1            0        0
47710.00   0       0       0        0000           1         0                 0000           0         1       1        0         0        1           1            0        0
47760.00   0       0       0        0000           0         0                 0000           0         1       1        0         0        1           1            0        0
47860.00   0       0       0        0000           0         0                 0000           1         1       1        0         0        1           1            0        0
47910.00   0       0       0        0000           0         0                 0000           0         1       1        0         0        1           1            0        0
47960.00   0       0       0        0000           0         1                 0000           0         1       1        0         0        1           1            0        0
48010.00   0       0       0        0000           0         1                 0000           1         1       1        0         0        1           1            0        0
48060.00   0       0       0        0000           0         1                 0000           0         1       1        0         0        1           1            0        0
48110.00   0       0       0        0000           0         2                 0000           0         1       1        0         0        1           1            0        0
48160.00   0       0       0        0000           0         2                 0000           1         1       1        0         0        1           1            0        0
48210.00   0       0       0        0000           0         2                 0000           0         1       1        0         0        1           1            0        0
48260.00   0       0       0        0000           0         3                 0000           0         1       1        0         0        1           1            0        0
48310.00   0       0       0        0000           0         3                 0000           1         1       1        0         0        1           1            0        0
48360.00   0       0       0        0000           0         3                 0000           0         1       1        0         0        1           1            0        0
48410.00   0       0       0        0000           0         4                 0000           0         1       1        0         0        1           1            0        0
48460.00   0       0       0        0000           0         4                 0000           1         1       1        0         0        1           1            0        0
48510.00   0       0       0        0000           0         4                 0000           0         1       1        0         0        1           1            0        0
48575.00   0       0       0        0000           0         4                 0000           0         1       1        1         0        1           1            0        0
56575.00   0       0       0        0000           0         4                 0000           0         1       1        0         0        1           1            0        0
56590.00   0       0       0        1001           0         2                 0000           0         1       1        0         0        1           1            0        0
56640.00   0       0       0        1001           1         2                 0000           0         1       1        0         0        1           1            0        0
56690.00   0       0       0        1001           0         2                 0000           0         1       1        0         0        1           1            0        0
56740.00   0       0       0        0000           0         0                 0000           0         1       1        0         0        1           1            0        0
56790.00   0       0       0        0000           1         0                 0000           0         1       1        0         0        1           1            0        0
56840.00   0       0       0        0000           0         0                 0000           0         1       1        0         0        1           1            0        0
56940.00   0       0       0        0000           0         0                 0000           1         1       1        0         0        1           1            0        0
56990.00   0       0       0        0000           0         0                 0000           0         1       1        0         0        1           1            0        0
57040.00   0       0       0        0000           0         1                 0000           0         1       1        0         0        1           1            0        0
57090.00   0       0       0        0000           0         1                 0000           1         1       1        0         0        1           1            0        0
57140.00   0       0       0        0000           0         1                 0000           0         1       1        0         0        1           1            0        0
57190.00   0       0       0        0000           0         2                 0000           0         1       1        0         0        1           1            0        0
57240.00   0       0       0        0000           0         2                 0000           1         1       1        0         0        1           1            0        0
57290.00   0       0       0        0000           0         2                 0000           0         1       1        0         0        1           1            0        0
57340.00   0       0       0        0000           0         3                 0000           0         1       1        0         0        1           1            0        0
57390.00   0       0       0        0000           0         3                 0000           1         1       1        0         0        1           1            0        0
57440.00   0       0       0        0000           0         3                 0000           0         1       1        0         0        1           1            0        0
57490.00   0       0       0        0000           0         4                 0000           0         1       1        0         0        1           1            0        0
57540.00   0       0       0        0000           0         4                 0000           1         1       1        0         0        1           1            0        0
57590.00   0       0       0        0000           0         4                 0000           0         1       1        0         0        1           1            0        0
57655.00   0       0       0        0000           0         4                 0000           0         1       1        1         0        1           1            0        0
65655.00   0       0       0        0000           0         4                 0000           0         1       1        0         0        1           1            0        0
65670.00   0       0       0        001f           0         0                 0000           0         1       1        0         0        1           1            0        0
65720.00   0       0       0        001f           1         0                 0000           0         1       1        0         0        1           1            0        0
65770.00   0       0       0        001f           0         0                 0000           0         1       1        0         0        1           1            0        0
65820.00   0       0       0        001f           0         0                 ffff           0         1       1        0         0        1           1            0        0
65870.00   0       0       0        001f           0         0                 ffff           1         1       1        0         0        1           1            0        0
65920.00   0       0       0        001f           0         0                 ffff           0         1       1        0         0        1           1            0        0
65970.00   0       0       0        001f           0         1                 ffff           0         1       1        0         0        1           1            0        0
66020.00   0       0       0        001f           0         1                 ffff           1         1       1        0         0        1           1            0        0
66070.00   0       0       0        001f           0         1                 ffff           0         1       1        0         0        1           1            0        0
66120.00   0       0       0        001f           0         2                 ffff           0         1       1        0         0        1           1            0        0
66170.00   0       0       0        001f           0         2                 ffff           1         1       1        0         0        1           1            0        0
66220.00   0       0       0        001f           0         2                 ffff           0         1       1        0         0        1           1            0        0
66270.00   0       0       0        001f           0         3                 ffff           0         1       1        0         0        1           1            0        0
66320.00   0       0       0        001f           0         3                 ffff           1         1       1        0         0        1           1            0        0
66370.00   0       0       0        001f           0         3                 ffff           0         1       1        0         0        1           1            0        0
66420.00   0       0       0        001f           0         4                 00ff           0         1       1        0         0        1           1            0        0
66470.00   0       0       0        001f           0         4                 00ff           1         1       1        0         0        1           1            0        0
66520.00   0       0       0        001f           0         4                 00ff           0         1       1        0         0        1           1            0        0
66570.00   0       0       0        001f           0         4                 00ff           0         1       1        0         0        1           1            0        1
116570.00  0       0       0        ffe0           0         0                 00ff           0         1       1        0         0        1           1            0        1
116620.00  0       0       0        ffe0           1         0                 00ff           0         1       1        0         0        1           1            0        1
116670.00  0       0       0        ffe0           0         0                 00ff           0         1       1        0         0        1           1            0        1
116720.00  0       0       0        1001           0         2                 00ff           0         1       1        0         0        1           1            0        1
116770.00  0       0       0        1001           1         2                 00ff           0         1       1        0         0        1           1            0        1
116820.00  0       0       0        1001           0         2                 00ff           0         1       1        0         0        1           1            0        1
116870.00  0       0       0        1000           0         2                 00ff           0         1       1        0         0        1           1            0        1
116920.00  0       0       0        1000           1         2                 00ff           0         1       1        0         0        1           1            0        1
116970.00  0       0       0        1000           0         2                 00ff           0         1       1        0         0        1           1            0        1
117025.00  1       0       0        1000           0         2                 00ff           0         1       1        0         0        1           1            0        1
118025.00  1       0       0        1000           0         2                 00ff           0         1       1        0         0        1           1            0        1
